Fatty_Acid	Class	age_l	age_m	age_u	bmi_l	bmi_m	bmi_u	education_l	education_m	education_u	smoke_l	smoke_m	smoke_u	diabetes_l	diabetes_m	diabetes_u	aspirin_l	aspirin_m	aspirin_u
Arachidic	saturated	-0.0111306484695056	-0.00336516548104133	0.00440031750742293	-0.0138629423839867	-0.00272292919727327	0.00841708398944021	-0.0822744266576236	0.0198257149590284	0.12192585657568	-0.108167317119402	-0.0279482344825891	0.052270848154224	-0.267885505924928	-0.132219109304363	0.00344728731620197	-0.0894749801947711	0.0339458079554614	0.157366596105694
Behenic	saturated	-0.0095039921340632	-0.00232067215853714	0.00486264781698893	-0.011078009032006	-0.000773140761659265	0.00953172750868746	-0.0870310504787467	0.00741484398376639	0.101860738446279	-0.131281940751787	-0.0570767252385459	0.0171284902746949	-0.162965193403993	-0.037469440171408	0.0880263130611767	-0.181175714454493	-0.0670075404681805	0.0471606335181318
Lignoceric	saturated	-0.00890380803080577	-0.00222696146504396	0.00444988510071784	-0.0149968406460333	-0.00541853638617695	0.00415976787367937	-0.07545079473577	0.0123360152964743	0.100122825328719	-0.108217893437649	-0.0392446554294236	0.0297285825788014	-0.167181838816736	-0.050534398379237	0.066113042058262	-0.147808882324322	-0.0416903489724811	0.0644281843793594
Myristic	saturated	-0.0212157795619442	-0.00870721800111758	0.00380134355970903	-0.0139932694699735	0.00395095124899854	0.0218951719679706	-0.0647361307445301	0.0997257460863374	0.264187622917205	-0.0102491733835536	0.118966914657102	0.248183002697758	-0.520038771519078	-0.301508710171348	-0.0829786488236173	-0.112470105189672	0.0863348537235448	0.285139812636762
Palmitic	saturated	-0.0104712862325975	-0.00433185730249072	0.00180757162761609	-0.00437827363556515	0.00442907541688648	0.0132364244693381	-0.0420897320143502	0.0386311406139782	0.119352013242307	0.0111418353371197	0.0745634354383231	0.137985035539527	-0.226919559398112	-0.119661040965589	-0.012402522533066	-0.109666045848825	-0.0120889655214654	0.0854881148058941
Stearic	saturated	-0.00986169647255117	-0.00471851295465256	0.000424670563246055	-0.00762065033472924	-0.000242470214292342	0.00713570990614455	-0.0686483491321715	-0.0010260561829819	0.0665962367662077	-0.011763533723148	0.0413666404400688	0.0944968146032857	-0.233284061880858	-0.143430388121207	-0.0535767143615564	-0.0614451729536699	0.0202980701032399	0.10204131316015
Eicosenoic	cis-monounsaturated	-0.00714697620257477	0.00119633919631335	0.00953965459520147	-0.00955584982412646	0.00241309579105213	0.0143820414062307	-0.0527899943941597	0.056907455853856	0.166604906101872	-0.0269415696987286	0.0592466440212224	0.145434857741173	-0.207723621929373	-0.0619622394477571	0.0837991430338589	-0.0425255568280047	0.0900790170080896	0.222683590844184
Nervonic	cis-monounsaturated	-0.00503934909938498	0.00191494331863678	0.00886923573665855	-0.0141258319895281	-0.0041495163687086	0.00582679925211089	-0.118454987333645	-0.0270203345530775	0.0644143182274898	-0.0307595044210538	0.0410798079553393	0.112919120331732	-0.163718369322453	-0.0422238280556376	0.0792707132111782	-0.170771168987667	-0.0602430469720172	0.0502850750436328
Oleic	cis-monounsaturated	-0.00914113119371176	-0.00183479670553737	0.00547153778263703	-0.00588755353181067	0.0045937858344222	0.0150751252006551	-0.0408927798984022	0.0551705025850435	0.151233785068489	-0.0094668473533171	0.0660091341084581	0.141485115570233	-0.242617466610418	-0.114972595842218	0.0126722749259827	-0.104647793930768	0.0114755125473064	0.127598819025381
Palmitoleic	cis-monounsaturated	-0.0214488178505336	-0.00892165954348702	0.00360549876355952	-0.00638533006167525	0.0115855687143382	0.0295564674903517	-0.104643496932978	0.0600628888905029	0.224769274713984	0.177785828185818	0.307194024550451	0.436602220915085	-0.491806855565453	-0.272951900897851	-0.054096946230249	-0.17848510526417	0.0206154212369098	0.21971594773799
alphaLinolenic	Omega-3	-0.0152542173347772	-0.00492128961115605	0.00541163811246505	-0.0137354884593017	0.00108766565351936	0.0159108197663405	-0.120729793919146	0.0151269693322259	0.150983732583598	-0.136476773598203	-0.0297354435131697	0.077005886571864	-0.359271291421324	-0.178750508247006	0.00177027492731172	-0.112652155797535	0.0515743431135018	0.215800842024539
Docosahexaenoic	Omega-3	0.00241823900427026	0.00954920343304315	0.016680167861816	-0.00483040998395432	0.00539935137004291	0.0156291127240401	-0.0366959095554995	0.0570616170687403	0.15081914369298	-0.16897532504195	-0.0953109534063825	-0.0216465817708153	-0.404181590583928	-0.279600511735622	-0.155019432887317	-0.00395017411367871	0.109385886422136	0.22272194695795
Docosapentaenoicn3	Omega-3	-0.00477464237142017	0.00207504972485215	0.00892474182112448	-0.0227416501853439	-0.0129153894890351	-0.00308912879272634	-0.0355420245580919	0.0545173489668733	0.144576722491839	-0.0855298096905034	-0.0147710407737664	0.0559877281429707	-0.335909592372831	-0.216242464643355	-0.0965753369138783	-0.0825870233707897	0.0262786322959852	0.13514428796276
Eicosapentaenoic	Omega-3	-2.56620727959508e-05	0.0119256482234721	0.0238769585197402	-0.0211010287183389	-0.00395621564016859	0.0131885974380017	0.0091345425014939	0.166269710470594	0.323404878439694	-0.279642898751775	-0.156183334201995	-0.0327237696522147	-0.723104182211837	-0.51430954507239	-0.305514907932943	-0.0059481674040264	0.184000112488491	0.373948392381009
Arachidonic	Omega-6	-0.00776202710326528	-0.00289466602837289	0.00197269504651949	-0.0102838502296776	-0.00330135260018752	0.00368114502930253	-0.0868733191707399	-0.0228775244746301	0.0411182702214797	-0.0206539836570655	0.0296268862991273	0.0799077562553202	-0.112482052077587	-0.0274471174749633	0.0575878171276608	-0.0408638882436268	0.0364955678220653	0.113855023887758
Dihomoglinolenic	Omega-6	-0.0134120345787399	-0.00681660214138163	-0.000221169704023399	-0.00211729153493666	0.00734421967220835	0.0168057308793533	-0.0745572123482735	0.0121591692184202	0.0988755507851139	0.0130901360894839	0.0812223489220807	0.149354561754678	-0.340125047577039	-0.22489994770109	-0.10967484782514	-0.143031708740856	-0.0382071317223257	0.066617445296205
Docosapentaenoicn6	Omega-6	-0.0254965222019296	-0.0157553745977122	-0.00601422699349479	-0.020222507899994	-0.00624829497261953	0.00772591795475498	-0.221409210980398	-0.093333140068034	0.0347429308443302	0.161714483982575	0.262342600199033	0.362970716415491	-0.185869664151329	-0.015687539436563	0.154494585278203	-0.177227210745463	-0.0224061755843231	0.132414859576817
Docosatetraenoic	Omega-6	-0.0188287133017062	-0.0108113513064454	-0.00279398931118453	-0.0182869303964977	-0.00678558289724515	0.00471576460200737	-0.15748663422771	-0.0520748013353962	0.0533370315569172	0.119576546079179	0.202397592159955	0.28521863824073	-0.127090641246736	0.0129761921898285	0.153043025626393	-0.150764029713613	-0.0233399998354012	0.104084030042811
Eicosadienoic	Omega-6	-0.00893841030623095	-0.00264562593336063	0.00364715843950969	-0.0102121284607169	-0.00118478257649345	0.00784256330772997	-0.0721244238364858	0.010612757686872	0.0933499392102298	0.022114154020059	0.0871199482987691	0.152125742577479	-0.167420754506427	-0.057483049170425	0.0524546561655766	-0.0982767058901283	0.00173773083104701	0.101752167552222
gammaLinolenic	Omega-6	-0.0175053044038895	-0.00886882987132727	-0.000232355338765042	-0.0132526826090086	-0.0008631840649541	0.0115263144791004	-0.0542184348164987	0.0593334555363766	0.172885345889252	-0.0355696064274209	0.0536470031830207	0.142863612793462	-0.341734234560114	-0.190851233325221	-0.0399682320903279	-0.0839179823455185	0.0533459193630657	0.19060982107165
Linoleic	Omega-6	-0.0105859659158483	-0.00537216383774542	-0.00015836175964258	-0.0109714979818725	-0.00349201164608871	0.00398747468969506	-0.0742197752132921	-0.00566899333323672	0.0628817885468187	-0.0963387548969923	-0.0424790760622527	0.011380602772487	-0.19682530760111	-0.10573789659528	-0.0146504855894498	-0.146298965333136	-0.0634333454232494	0.0194322744866376
Elaidic	trans	-0.00128154047140944	0.0106194799453206	0.0225205003620507	-0.000365090261434664	0.0167075792138143	0.0337802486890633	-0.155011512873772	0.00146244653555839	0.157936405944889	-0.0880007228125482	0.0349393366390367	0.157879396090622	-0.462006378267513	-0.254090327399331	-0.0461742765311491	-0.393863649539314	-0.204714652392993	-0.0155656552466724
Palmitelaidic	trans	0.00298508863846365	0.0118881993993261	0.0207913101601886	9.79135010583179e-06	0.0127817942539964	0.025553797157887	-0.0669959518348341	0.0500616569273178	0.16711926568947	-0.126098188399077	-0.0341271701235522	0.0578438481519728	-0.368896870558001	-0.213355617369466	-0.05781436418093	-0.16723106090388	-0.0257293734071996	0.115772314089481
Linoelaidic	trans	-0.00563531970985273	0.00284654196799501	0.0113284036458427	-0.00163990095054363	0.0105277969350183	0.0226954948205802	-0.071805190346774	0.0397138587281595	0.151232907803093	-0.0363449145212389	0.0512745115801434	0.138893937681526	-0.34225350113981	-0.194071654347145	-0.0458898075544797	-0.164053225516854	-0.0292466648925745	0.105559895731705
