Fatty_Acid	Class	Fstat	Fstat.pval	Fstat.pval.adj	Age.est	Age.se	Age.pval	Age.pval.adj	BMI.est	BMI.se	BMI.pval	BMI.pval.adj	Education.est	Education.se	Education.pval	Education.pval.adj	Smoking.est	Smoking.se	Smoking.pval	Smoking.pval.adj	Diabetes.est	Diabetes.se	Diabetes.pval	Diabetes.pval.adj	Aspirin.est	Aspirin.se	Aspirin.pval	Aspirin.pval.adj	Gleason.est	Gleason.se	Gleason.pval	Gleason.pval.adj
Arachidic	saturated	0.422209749933267	0.888398725840102	0.888398725840102	-0.00372773827561025	0.00332989950623684	0.263617936034155	0.922367747097666	0.00320589229968721	0.00494935416314187	0.517529737194453	0.922367747097666	0.00741503937287171	0.0372259610375122	0.842216609769666	0.922367747097666	0.00345259279737748	0.032001402464921	0.914138683949148	0.922367747097666	-0.0152684088305214	0.0574387377543126	0.790515941954476	0.922367747097666	0.0583245234173714	0.0512228224478736	0.255542061730493	0.922367747097666	0.0026726799217804	0.0274081910231993	0.922367747097666	0.922367747097666
Behenic	saturated	1.31314812296373	0.242481752649303	0.290978103179164	-4.06301696895821e-05	0.00309475500458661	0.989531726841627	0.989531726841627	0.00212656085066044	0.00459985009672705	0.644112926596742	0.901758097235439	0.0312308531410991	0.0345972090165513	0.367235999308571	0.856883998386666	-0.0519960308994805	0.0297415883712439	0.0811958977269186	0.284185642044215	-0.0140280227678267	0.0533826383617157	0.79285523619477	0.924997775560566	0.0261679874412192	0.047605666724386	0.582848016477223	0.901758097235439	-0.0492409882700947	0.0254727315874976	0.0539399586818594	0.284185642044215
Lignoceric	saturated	0.600334259659715	0.755706067755565	0.788562853310155	-0.00097693380482844	0.0031331010945625	0.755349063410966	0.779799268942038	-0.00475817014394007	0.00465684532427277	0.307520694364247	0.779799268942038	0.0161272540892855	0.0350258916385673	0.645455182401442	0.779799268942038	-0.0220384681365478	0.0301101065970871	0.46464577234252	0.779799268942038	0.0223218531347861	0.0540440850515941	0.679808413357632	0.779799268942038	0.0134837361294662	0.0481955328614049	0.779799268942038	0.779799268942038	-0.0397973929386018	0.0257883558149205	0.123575449296544	0.779799268942038
Myristic	saturated	1.86464661509212	0.07402162571329	0.104501118654056	-0.00997427011910834	0.00609819620812487	0.102717810955213	0.359512338343246	0.0214860644428631	0.00906397707612744	0.0182438877813818	0.127707214469673	0.0656799085461797	0.0681735932323403	0.335925441366085	0.470295617912518	0.0609345407664613	0.058605621821543	0.299097259739207	0.470295617912518	-0.132994169305093	0.105190169287924	0.20686025569398	0.470295617912518	1.57951090128629e-05	0.0938066812635095	0.999865737711379	0.999865737711379	0.0307858129267717	0.0501938650869748	0.540005771040923	0.630006732881076
Palmitic	saturated	2.56909889891266	0.0134144563912779	0.032194695339067	-0.00703390187989272	0.00291694510021794	0.0163471858370249	0.0906268977386553	0.00969538687651857	0.00433556458637257	0.0258933993539015	0.0906268977386553	0.0272552040694854	0.0326094179256447	0.403768358329865	0.471063084718176	0.0433435633679116	0.0280327781500065	0.122863235968277	0.277311068133211	-0.0710923684152878	0.0503155258413461	0.158463467504692	0.277311068133211	0.0222828701317395	0.0448704715198788	0.619744355265861	0.619744355265861	0.026415287003015	0.0240091895750058	0.271908203916687	0.380671485483362
Stearic	saturated	2.26728957800668	0.0284267655436021	0.0568535310872043	-0.00531665745834531	0.00250671410053363	0.0345470364798415	0.0863919312656837	0.00779654900780946	0.00372582291028459	0.0370251133995787	0.0863919312656837	-0.00172206152481691	0.0280233206028802	0.951031104837198	0.951031104837198	0.0197479613821891	0.0240903266436184	0.41285498049113	0.489444472457357	-0.105614122491392	0.0432392910284267	0.0150213553915535	0.0863919312656837	0.0311600509216106	0.0385600139159524	0.419523833534878	0.489444472457357	0.0235047612869806	0.0206326043111183	0.255308138577571	0.446789242510749
Eicosenoic	cis-monounsaturated	1.28292403512864	0.257291500852006	0.294047429545149	-0.00192524973717733	0.00357068876955782	0.590065314173457	0.612309679774872	0.00780228663603582	0.005307248249923	0.142325586351102	0.432251550061897	0.0491553521089886	0.0399178175688728	0.218900770820906	0.432251550061897	0.0540481600967463	0.0343154645290566	0.116048232816954	0.432251550061897	0.0546507440621345	0.0615922058466811	0.375457513919261	0.525640519486966	0.0278579264378195	0.0549268098082561	0.612309679774872	0.612309679774872	0.0340743658481745	0.0293901121331535	0.247000885749655	0.432251550061897
Nervonic	cis-monounsaturated	1.73921248729473	0.0984029943605602	0.124298519192287	0.00278293173445378	0.00342433825658925	0.416884302437802	0.524035391233758	-0.0116881418744491	0.00508972200948172	0.0221745781064564	0.155222046745194	-0.0443754748775022	0.0382817205985637	0.247082339264367	0.524035391233758	-0.0118940860707124	0.0329089891511412	0.717976033184588	0.717976033184588	-0.05043643604505	0.0590677486614518	0.39369213241568	0.524035391233758	0.0634034836999865	0.0526755447695053	0.22944158776348	0.524035391233758	-0.0213518818701625	0.0281855103701655	0.449173192486078	0.524035391233758
Oleic	cis-monounsaturated	1.74673547577302	0.0967573561862848	0.124298519192287	-0.00610700361120546	0.00326880233892891	0.0624646240176152	0.201299201108089	0.00835521592808595	0.00485854315854389	0.0862710861891809	0.201299201108089	0.0102937623418047	0.0365429371908623	0.778329108903834	0.778329108903834	0.0580996963746069	0.0314142390875201	0.0651368018953988	0.201299201108089	-0.038094450097592	0.0563848488414615	0.499680438821101	0.582960511957951	0.0513299961509165	0.050282983468583	0.307963388936175	0.431148744510645	0.0314406422478201	0.0269053041254369	0.243283025204479	0.425745294107838
Palmitoleic	cis-monounsaturated	4.84261439188996	2.97762234131582e-05	0.000357314680957899	-0.0152128636373126	0.00584146712291812	0.00955381760237015	0.0334383616082955	0.00740649762765459	0.00868239103598186	0.394149568743363	0.459841163533923	-0.0190917945351986	0.0653035405760356	0.770168967650473	0.770168967650473	0.230755146712423	0.0561383729556946	4.80447405962456e-05	0.00033631318417372	-0.129188907361975	0.1007617489793	0.200551641574161	0.350965372754782	0.0786417782599502	0.0898574965136034	0.382006038639615	0.459841163533923	0.110091761105868	0.048080744317	0.0225638068262651	0.0526488825946185
alphaLinolenic	Omega-3	3.32262742177594	0.00189055635718849	0.00567166907156547	-0.0155496816570408	0.00489953211555405	0.00162290287682718	0.0113603201377903	0.0181559313279584	0.00728235780934105	0.0130704266070681	0.0457464931247384	0.043472134937941	0.0547733621672493	0.427862375630046	0.499172771568387	-0.0453455413448417	0.0470860753683355	0.336119108389118	0.499172771568387	-0.0735608310511677	0.0845139439724958	0.384611173429053	0.499172771568387	-0.0408867936324407	0.0753679992932585	0.587783204830423	0.587783204830423	0.0332426263857184	0.0403277371872297	0.410259929317702	0.499172771568387
Docosahexaenoic	Omega-3	3.86626660376149	0.000437581207920479	0.00150027842715593	0.00623451051892988	0.0033431284404989	0.0629405310962144	0.1468612392245	0.0149223084752568	0.00496901682285315	0.00284272101566229	0.019899047109636	0.050681895784412	0.0373738513238362	0.175848710789257	0.24618819510496	-0.0854875504073427	0.032128536766935	0.00811334675628116	0.028396713646984	-0.081431127480067	0.0576669288106567	0.158709577573831	0.24618819510496	-0.0216473268398526	0.0514263190848176	0.674028795010635	0.674028795010635	-0.0307184082511924	0.0275170775396269	0.264955340754125	0.309114564213145
Docosapentaenoicn3	Omega-3	1.89681410134372	0.0687305561253471	0.104501118654056	-0.00801081636884285	0.00329572438898482	0.0155152628626346	0.108606840038442	0.00127149340670921	0.00489855840833596	0.795334709018168	0.795334709018168	0.0358701303063662	0.0368439069902675	0.330865799773259	0.463212119682562	-0.0363857540568024	0.031672968624975	0.251335615717981	0.439837327506466	-0.0862539820965427	0.0568492378027721	0.13000579445727	0.303346853733631	0.0153158284486465	0.0506971171045573	0.762731386447668	0.795334709018168	0.0518964623513149	0.0271268978069538	0.0564579904510564	0.197602966578698
Eicosapentaenoic	Omega-3	4.31915408978976	0.000126706617619043	0.000608191764571409	-0.000434467468679879	0.00526603199371865	0.934287915456251	0.934287915456251	0.021987630038439	0.00782710028411768	0.00521377517961952	0.0182482131286683	0.130643323783016	0.058870575959814	0.0270432616497166	0.0631009438493387	-0.145334700692	0.0506082567682614	0.0043018962778575	0.0182482131286683	-0.183552453029246	0.0908358435822153	0.0439845701100336	0.0769729976925588	0.0813246954471068	0.0810057544721252	0.31602345487406	0.368694030686404	0.0577353676990176	0.0433443743715952	0.183623210178418	0.257072494249785
Arachidonic	Omega-6	0.974647155161869	0.449253349211581	0.49009456277627	-0.00430733499003675	0.00258250093686365	0.0961294945974644	0.530363794379236	0.00528521309685307	0.00383846771929423	0.169320850889604	0.530363794379236	-0.0226800922792825	0.0288705647347507	0.43258547537906	0.534351863064551	-0.0122101112217353	0.0248186624526714	0.623011743045295	0.623011743045295	-0.0459376568610795	0.0445465677822854	0.303065025359563	0.530363794379236	0.0437253497148546	0.039725819566828	0.271706965893826	0.530363794379236	0.0157902530803526	0.0212564009402018	0.458015882626758	0.534351863064551
Dihomoglinolenic	Omega-6	3.96771781233315	0.000331948708501728	0.00132779483400691	-0.00966586057830357	0.00335113156772692	0.00413692002739232	0.0289584401917463	0.0131242177644617	0.00498091217014214	0.00874729363574639	0.0306155277251124	0.0192445093348954	0.0374633207212791	0.607756410986814	0.709049146151283	0.0644553151965196	0.0322054493869472	0.0460351336630037	0.0805614839102565	-0.119025766002901	0.057804977879466	0.0401404954462697	0.0805614839102565	-0.00710464019118008	0.0515494287355024	0.890451403914173	0.890451403914173	0.0327596972232655	0.0275829507707672	0.23567349800866	0.329942897212124
Docosapentaenoicn6	Omega-6	4.52768991927716	7.1281274470425e-05	0.00042768764682255	-0.0166226960589466	0.00485716937211682	0.000685815822014683	0.00480071075410278	0.000646780850066524	0.00721939247954642	0.928658936812159	0.928658936812159	-0.124196149514209	0.0542997761525113	0.0227104197978246	0.0529909795282575	0.142761092561358	0.0466789558142127	0.00237708570298193	0.00831979996043675	0.0223744732357405	0.0837832124575396	0.789568504023622	0.928658936812159	0.0168111975576454	0.0747163462084054	0.822095422565179	0.928658936812159	0.0419949790383504	0.0399790521406631	0.29416517295751	0.514789052675642
Docosatetraenoic	Omega-6	5.41221682716395	6.08173012728308e-06	0.000145961523054794	-0.0153167987117686	0.00383285541404548	7.68039010060339e-05	0.000537627307042237	-0.00232373139877293	0.00569691633777419	0.683573342320433	0.797502232707172	-0.0275934198500835	0.0428486583569368	0.519966064106759	0.727952489749463	0.131142694339988	0.0368349700839281	0.000415604289439231	0.00145461501303731	-0.0152686211128773	0.0661144207400886	0.817479144294476	0.817479144294476	0.0490053635600423	0.0589596388642664	0.406380880484451	0.71116654084779	0.061861717214121	0.03154798910769	0.0505956867004698	0.118056602301096
Eicosadienoic	Omega-6	1.9125043592319	0.0662780334124513	0.104501118654056	-0.00743373068706108	0.00316484145721401	0.0193236282412673	0.135265397688871	0.00728311779125755	0.00470402221226434	0.12235701111322	0.290357392413551	0.0211519374479726	0.0353807268223825	0.550290730200447	0.690315216622528	0.0163272547533261	0.0304151416642689	0.591698757105024	0.690315216622528	-0.0639516774529804	0.0545915869696407	0.242121415523693	0.423712477166463	-0.0154822366001678	0.0486837851217161	0.750640641503078	0.750640641503078	0.0401080793442972	0.0260496087209223	0.12443888246295	0.290357392413551
gammaLinolenic	Omega-6	2.41501859154637	0.0197426890202694	0.043074957862406	-0.0133047138652155	0.00431487720893842	0.00218984245208397	0.0153288971645878	0.0111688213899795	0.00641336335751462	0.0823758633126068	0.288315521594124	0.00966947805927505	0.0482373268504778	0.841226867463873	0.945306934642554	-0.0110277129912655	0.0414673541622888	0.790426308646059	0.945306934642554	-0.0943527645363199	0.0744290030320954	0.205656109995281	0.359898192491742	-0.00455627283750318	0.0663744322445356	0.945306934642554	0.945306934642554	0.0471920031831695	0.0355154798403763	0.184690023868557	0.359898192491742
Linoleic	Omega-6	4.6488802372431	5.09711735972029e-05	0.000407769388777623	-0.00816083077464759	0.00242832151682205	0.000853228538150919	0.00597259976705643	0.00768325307706699	0.00360930508149557	0.0338944354642883	0.0790870160833393	0.0311250853409705	0.0271469460271877	0.252265447645654	0.353171626703915	-0.0275580158079466	0.023336948766322	0.238362995962454	0.353171626703915	-0.124591204256905	0.0418870667197775	0.00311525339662038	0.0109033868881713	-0.0180276030776622	0.0373541248525836	0.629637571389063	0.734577166620573	0.00456002882394736	0.0199873599410871	0.819651083199346	0.819651083199346
Elaidic	trans	1.90865765435065	0.066871730072835	0.104501118654056	-0.0039715814183863	0.00637693943520112	0.533772923313822	0.622735077199459	0.0157175738750423	0.00947828355858839	0.0980563925884881	0.171598687029854	-0.0282801835449748	0.0712897486872349	0.691807686609916	0.691807686609916	-0.0603193482118167	0.0612844336527502	0.325593934278586	0.45583150799002	-0.223579030317257	0.109998320131767	0.0427646495148541	0.171598687029854	0.175849072917944	0.0980945028035684	0.0737940266304972	0.171598687029854	-0.0871341207561733	0.0524881828583729	0.0976937368785539	0.171598687029854
Palmitelaidic	trans	2.64375312560083	0.0111009831116742	0.0296026216311311	0.00198718963039753	0.00449279326104791	0.658509836171498	0.658509836171498	0.0176556159222291	0.00667780663922585	0.00852155530634191	0.0596508871443934	0.0312580557702912	0.0502263045993171	0.534074559855902	0.623086986498553	-0.0745184225976718	0.043177184497367	0.085151917507789	0.198687807518174	-0.0613453148263603	0.077497946536324	0.429084521475063	0.623086986498553	0.0499374868480108	0.0691112602871723	0.470373788413539	0.623086986498553	-0.0767812067651228	0.0369798955481708	0.0385127770181834	0.134794719563642
Linoelaidic	trans	1.87622129453895	0.0720761397286012	0.104501118654056	-0.00463835747329511	0.00416128629625133	0.265680255855286	0.354308013802681	0.0105306752675169	0.00618507544020516	0.0894306976687223	0.21654937670352	-0.0288938627037568	0.0465202872459202	0.534890482911114	0.534890482911114	-0.0411865733912978	0.0399912962204055	0.30369258325944	0.354308013802681	-0.1218516222431	0.0717796533629069	0.0903749160877974	0.21654937670352	0.090226739265582	0.0640117903583639	0.159464404733384	0.279062708283422	-0.0577083623042284	0.034251282807862	0.0928068757300798	0.21654937670352
