Fatty_Acid	Class	age_l	age_m	age_u	bmi_l	bmi_m	bmi_u	education_l	education_m	education_u	smoke_l	smoke_m	smoke_u	diabetes_l	diabetes_m	diabetes_u	aspirin_l	aspirin_m	aspirin_u
Arachidic	saturated	-0.0019473745711104	0.00288827826080003	0.00772393109271046	0.00195143127215259	0.00974780877566096	0.0175441862791693	-0.0104241098400342	0.0204200430825968	0.0512641960052278	-0.0637459522694411	-0.0163356549633788	0.0310746423426834	0.00672722786091526	0.142698546531963	0.278669865203011	-0.0583827473090723	0.0559646715188102	0.170312090346693
Behenic	saturated	0.000458945963742271	0.00620459239159376	0.0119502388194452	0.0023635918913988	0.0116271246780396	0.0208906574646804	0.0105291232939196	0.0471776593282994	0.0838261953626792	-0.0653164218930835	-0.00898425438048413	0.0473479131321152	-0.0698639961396461	0.0916949801907363	0.253253956521119	-0.0533572475669716	0.082508552017921	0.218374351602814
Lignoceric	saturated	-0.00319978002474454	0.00248724708316555	0.00817427419107564	-0.00647118778361175	0.00269783483798032	0.0118668574595724	-0.00018429685217658	0.0360903365611214	0.0723649699744193	-0.0465679406950665	0.00918950413108171	0.0649469489572299	-0.096384032498003	0.0635266563086278	0.223437345115259	-0.00619976521134741	0.128279878633722	0.262759522478791
Myristic	saturated	-0.0152608919873376	-0.00550610124673561	0.00424868949386639	0.00838732662219044	0.0241146821055276	0.0398420375888647	-0.116240098673371	-0.0540192842786944	0.00820153011598262	3.4651320254403e-06	0.095642574316721	0.191281683501417	-0.193261523783582	0.0810285889406122	0.355318701664807	-0.328454700099878	-0.0977857126504029	0.132883274799072
Palmitic	saturated	-0.00328138972194941	0.000821155346251307	0.00492370041445202	0.00722100665050684	0.0138354165737711	0.0204498264970354	-0.00216530072897001	0.0240027332168367	0.0501707671626435	-0.000603014836492069	0.0396196579144119	0.0798423306653159	0.0489752948429481	0.164332720659283	0.279690146475617	-0.0945781950822025	0.00243361603833985	0.0994454271588822
Stearic	saturated	-0.00250967669987515	0.00127254683659054	0.00505477037305623	0.00297959995257261	0.00907756511217884	0.0151755302717851	0.00734797404697685	0.031472840988724	0.0555977079304712	0.00318181242623727	0.0402639497456324	0.0773460870650276	-0.0431632549609685	0.0631872089036467	0.169537672768262	-0.0496676733503071	0.0397695782180717	0.129206829786451
Eicosenoic	cis-monounsaturated	-0.00342660816922019	0.00155982411616942	0.00654625640155904	-0.0099895277984578	-0.0019500531206984	0.00608942155706099	-0.0339663900283895	-0.00216049219098437	0.0296454056464207	-0.0225706000489119	0.0263179875657351	0.0752065751803822	-0.0152229212073585	0.124988089978995	0.265199101165348	-0.162733751970528	-0.0448208908090173	0.0730919703524935
Nervonic	cis-monounsaturated	0.00406889334168173	0.010525149074235	0.0169814048067884	-0.0136063600631508	-0.00319713328450105	0.00721209349414873	-0.0169076209233546	0.0242735279400169	0.0654546768033885	-0.0812036882212323	-0.0179044782894488	0.0453947316423347	-0.107554351186332	0.0739858950116084	0.255526141209549	-0.143754187060567	0.00891520505096854	0.161584597162504
Oleic	cis-monounsaturated	-0.00169397333779363	0.00305503495185409	0.00780404324150181	0.000785390006075965	0.00844207312217069	0.0160987562382654	-0.00953974209563639	0.0207517496653358	0.051043241426308	0.0222479716214932	0.0688087779381455	0.115369584254798	0.000674906667604475	0.134209910516925	0.267744914366246	-0.121779261158086	-0.00948070317850225	0.102817854801082
Palmitoleic	cis-monounsaturated	-0.00140068517812864	0.00798040223254064	0.0173614896432099	-0.0165440805658111	-0.00141923571252737	0.0137056091407564	-0.0933404749891024	-0.0335033227506656	0.0263338294877711	0.107095667238481	0.199070868654724	0.291046070070967	-0.408014679760483	-0.144232545240885	0.119549589278712	-0.334583090944157	-0.112750968478702	0.109081153986752
alphaLinolenic	Omega-3	-0.00328845246705256	0.00310209173600218	0.00949263593905692	0.0147867051866566	0.0250899872442704	0.0353932693018841	0.0235215086880326	0.0642835173577039	0.105045526027375	-0.0845508569167431	-0.0218959039773982	0.0407590489619467	0.0114334670557871	0.191126003414251	0.370818539772715	-0.134962139979235	0.0161533887664674	0.167268917512169
Docosahexaenoic	Omega-3	-0.00464812689543603	0.000763415835288808	0.00617495856601364	0.0128756807966468	0.0216005482492239	0.0303254157018009	-0.013826358778175	0.0206911008773987	0.0552085605329724	-0.0337344121162208	0.0193220951779068	0.0723786024720343	0.102665769229182	0.254830249748905	0.406994730268629	-0.111340377631763	0.0166249591376065	0.144590295906976
Docosapentaenoicn3	Omega-3	-0.00558213096709786	0.0008101894916847	0.00720250995046726	0.00113931468218083	0.0114454605434377	0.0217516064046946	-0.00639696782300316	0.0343763706722787	0.0751497091675606	-0.00448637739105592	0.0581859905313482	0.120858358453752	0.065955906370915	0.245698388381394	0.425440870391874	-0.178869868950005	-0.0277123375492913	0.123445193851422
Eicosapentaenoic	Omega-3	-0.0122539837267335	-0.00206629688692221	0.00812138995288912	0.00387748453261728	0.0203027853661583	0.0367280861996993	-0.0353590050425818	0.029623031869045	0.0946050687806718	-0.115332255500367	-0.0154488935788513	0.0844344683426647	0.0527095452137433	0.339172048203141	0.625634551192538	-0.0628976494642572	0.178007918915634	0.418913487295525
Arachidonic	Omega-6	-0.00233706826222314	0.00204896996804697	0.00643500819831708	0.00979346711937355	0.0168649445344501	0.0239364219495267	0.0276743396666599	0.0556506313074124	0.083626922948165	-0.0181064338904471	0.0248956970980814	0.0678978280866099	-0.0992710171554579	0.0240578119895916	0.147386641134641	-0.0289793314419377	0.074736168397545	0.178451668237028
Dihomoglinolenic	Omega-6	-0.00441863138957003	0.00113554177190413	0.0066897149333783	0.0159507384651898	0.0249055646679632	0.0338603908707367	-0.0188127461232215	0.0166144800045071	0.0520417061322358	-0.0168202134226073	0.0376346885375092	0.0920895904976256	-0.188809822501502	-0.0326347877865667	0.123540246928369	-0.0582886368296446	0.0730494444624232	0.204387525754491
Docosapentaenoicn6	Omega-6	-0.00889182628222433	-0.00116561732540361	0.0065605916314171	0.00911922166002531	0.0215759557954583	0.0340326899308913	-0.0143366065283392	0.0349449235690625	0.0842264536664643	0.0586149858348637	0.134365226066009	0.210115466297154	-0.140682499329314	0.0765669304176799	0.293816360164673	-0.199628001595303	-0.0169283574630173	0.165771286669268
Docosatetraenoic	Omega-6	-0.00367852122077251	0.00297789209995486	0.00963430542068222	0.0047617711328088	0.0154937059659531	0.0262256407990973	-0.00356144867774841	0.0388964029334973	0.081354254544743	0.0521607901605172	0.117422409531782	0.182684028903047	-0.21790020137222	-0.0307318234303199	0.15643655451158	-0.219040265535845	-0.0616377992434087	0.0957646670490279
Eicosadienoic	Omega-6	-0.00224007454233032	0.00234442907149403	0.00692893268531838	0.00277652561852578	0.0101679827975252	0.0175594399765245	-0.0093390318841598	0.0199031687978291	0.049145369479818	-0.0225363409794829	0.0224116085295929	0.0673595580386686	0.0432253404948079	0.172134719123135	0.301044097751461	-0.0673798992625419	0.0410286596374166	0.149437218537375
gammaLinolenic	Omega-6	-0.0117719532000085	-0.00407079858181245	0.00363035603638362	0.0119862096352143	0.0244025494146403	0.0368188891940663	-0.0248401834845602	0.0242815378178812	0.0734032591203226	0.00662407548268229	0.0821286749111702	0.157633274339658	-0.236256684237273	-0.0197117449861117	0.19683319426505	-0.0226869084283993	0.159420282305813	0.341527473040025
Linoleic	Omega-6	-0.0033068206649429	0.0010884894430902	0.0054837995511233	0.00494271217903102	0.0120291383635332	0.0191155645480354	0.00818443272735608	0.0362198649279343	0.0642552971285125	-0.0786937507262812	-0.0356007152628846	0.00749232020051187	0.0230360705680801	0.146625611035843	0.270215151503606	-0.055972812554649	0.0479619369552999	0.151896686465249
Elaidic	trans	-0.00305953127085493	0.00405092564183632	0.0111613825545276	0.00531386789215046	0.0167778435415088	0.028241819190867	-0.0262517977587116	0.0191021653954593	0.0644561285496302	-0.0466053638023548	0.0231078451335843	0.0928210540695235	-0.318284956402066	-0.118349552356459	0.0815858516891487	-0.313231894483501	-0.1450927780259	0.0230463384317014
Palmitelaidic	trans	0.000105837146883878	0.0083910829079494	0.0166763286690149	0.0106495840555801	0.0240076364030001	0.0373656887504201	-0.0094722118428059	0.0433751277282865	0.096222467299379	-0.101995468330806	-0.0207642512769714	0.0604669657768637	-0.207835750337561	0.0251329574678582	0.258101665273278	-0.107000480207445	0.088918561143215	0.284837602493875
Linoelaidic	trans	-0.00182566485702866	0.00381278401286249	0.00945123288275364	0.00650097772727502	0.0155916791179566	0.0246823805086382	-0.00908256607942873	0.0268822116320123	0.0628469893434532	-0.0257569924805863	0.0295241756592199	0.084805343799026	-0.236923006305185	-0.0783782648301252	0.0801664766449347	-0.0410434528756499	0.0922874740698074	0.225618401015265
