Fatty_Acid	Class	Fstat	Fstat.pval	Fstat.pval.adj	Age.est	Age.se	Age.pval	Age.pval.adj	BMI.est	BMI.se	BMI.pval	BMI.pval.adj	Education.est	Education.se	Education.pval	Education.pval.adj	Smoking.est	Smoking.se	Smoking.pval	Smoking.pval.adj	Diabetes.est	Diabetes.se	Diabetes.pval	Diabetes.pval.adj	Aspirin.est	Aspirin.se	Aspirin.pval	Aspirin.pval.adj
Arachidic	saturated	3.02636420573834	0.00639733620094196	0.00852978160125595	0.00288827826080003	0.00246191120859367	0.241217570933667	0.3618263564005	0.00974780877566096	0.00396926533593435	0.0143573335264856	0.0861440011589138	0.0204200430825968	0.0157032707763271	0.194006658087823	0.3618263564005	-0.0163356549633788	0.0241373701541019	0.498824413859269	0.498824413859269	0.142698546531963	0.0692252577096742	0.0397267612916345	0.119180283874903	0.0559646715188102	0.0582161709849011	0.336801370022114	0.404161644026537
Behenic	saturated	3.83529491256165	0.000928926588174228	0.00173223678154087	0.00620459239159376	0.00292520406924154	0.0343514557899655	0.068702911579931	0.0116271246780396	0.00471621846963648	0.0139851990571696	0.0419555971715087	0.0471776593282994	0.0186583786673418	0.0117273338247337	0.0419555971715087	-0.00898425438048413	0.0286796425269542	0.754197311501048	0.754197311501048	0.0916949801907363	0.0822523594026395	0.265411523281551	0.318493827937862	0.082508552017921	0.0691715361895492	0.233445952532147	0.318493827937862
Lignoceric	saturated	1.70593775952398	0.117288297502513	0.122387788698274	0.00248724708316555	0.0028953599994085	0.39068080618264	0.653313958655636	0.00269783483798032	0.00466810177417728	0.563542628332216	0.676251153998659	0.0360903365611214	0.0184680186299774	0.0511713686615301	0.184496084925344	0.00918950413108171	0.0283870416573735	0.746268883932673	0.746268883932673	0.0635266563086278	0.0814131888354452	0.435542639103757	0.653313958655636	0.128279878633722	0.0684658212692788	0.0614986949751148	0.184496084925344
Myristic	saturated	2.62532857542998	0.0161282725643019	0.0193539270771623	-0.00550610124673561	0.00496632605701059	0.268038600862057	0.402057901293086	0.0241146821055276	0.00800705801095897	0.00271469706551857	0.0162881823931114	-0.0540192842786944	0.0316776505036165	0.0886937088858199	0.17738741777164	0.095642574316721	0.0486914596779882	0.0499917282358642	0.149975184707593	0.0810285889406122	0.139645654143317	0.561982063634567	0.561982063634567	-0.0977857126504029	0.117437414433339	0.405388257023507	0.486465908428209
Palmitic	saturated	5.61324529684039	1.13256232425751e-05	4.53024929703005e-05	0.000821155346251307	0.00208867386436709	0.694359918731216	0.83323190247746	0.0138354165737711	0.00336750600060843	4.57394187186958e-05	0.000274436512312175	0.0240027332168367	0.0133225809042601	0.0721341032887518	0.108201154933128	0.0396196579144119	0.0204780310595465	0.0535228559931601	0.10704571198632	0.164332720659283	0.058730382325554	0.0053166425711561	0.0159499277134683	0.00243361603833985	0.0493903250430984	0.960719105277733	0.960719105277733
Stearic	saturated	3.89781436827638	0.000798081913255588	0.00173223678154087	0.00127254683659054	0.00192559284992198	0.508972573617313	0.508972573617313	0.00907756511217884	0.00310457538989978	0.00359548440462162	0.0215729064277298	0.031472840988724	0.0122823706321063	0.0106529155637038	0.0319587466911113	0.0402639497456324	0.0188791322865007	0.0333794456536135	0.066758891307227	0.0631872089036467	0.0541447883312982	0.243702616773775	0.365553925160663	0.0397695782180717	0.0455339909120429	0.382815182540635	0.459378219048762
Eicosenoic	cis-monounsaturated	0.888159953351441	0.503139020518348	0.503139020518348	0.00155982411616942	0.00253867553379429	0.539183149937052	0.760741244175053	-0.0019500531206984	0.00409303014678194	0.633951036812544	0.760741244175053	-0.00216049219098437	0.0161929110933213	0.893907244907792	0.893907244907792	0.0263179875657351	0.0248899923142875	0.290795200543953	0.760741244175053	0.124988089978995	0.0713837556182796	0.0805022539973922	0.483013523984353	-0.0448208908090173	0.0600313969223029	0.455602128435514	0.760741244175053
Nervonic	cis-monounsaturated	2.06463394104961	0.0556641025903684	0.0607244755531291	0.010525149074235	0.00328698707414044	0.00144146888767312	0.00864881332603873	-0.00319713328450105	0.00529951031845	0.546559784354001	0.694462962079971	0.0242735279400169	0.0209660071749702	0.2474543978823	0.694462962079971	-0.0179044782894488	0.032226679590771	0.578719135066643	0.694462962079971	0.0739858950116084	0.0924251559119874	0.423761591665445	0.694462962079971	0.00891520505096854	0.0777265243626021	0.908724085907503	0.908724085907503
Oleic	cis-monounsaturated	3.0948108050221	0.00544983260250453	0.00769388132118287	0.00305503495185409	0.00241779903239434	0.206910840796181	0.248293008955418	0.00844207312217069	0.00389814460206326	0.0307559842772059	0.0922679528316177	0.0207517496653358	0.0154219017956047	0.178972396745612	0.248293008955418	0.0688087779381455	0.0237048801757836	0.00384420796039852	0.0230652477623911	0.134209910516925	0.0679848893507854	0.0488571750962495	0.097714350192499	-0.00948070317850225	0.0571730618820333	0.868354473480825	0.868354473480825
Palmitoleic	cis-monounsaturated	4.90377886462064	6.69265264252594e-05	0.000229462376315175	0.00798040223254064	0.0047760674820817	0.095294229742244	0.285882689226732	-0.00141923571252737	0.00770030983755067	0.853837491255325	0.853837491255325	-0.0335033227506656	0.0304640884916326	0.271904774709567	0.382251944401109	0.199070868654724	0.0468261033515617	2.48812125940309e-05	0.000149287275564186	-0.144232545240885	0.134295867833009	0.283286826653476	0.382251944401109	-0.112750968478702	0.112938419631764	0.318543287000925	0.382251944401109
alphaLinolenic	Omega-3	8.15147069902095	1.81591920389579e-08	2.18271551499782e-07	0.00310209173600218	0.00325353224257378	0.340769511275488	0.511154266913233	0.0250899872442704	0.00524557210053478	2.20752519687696e-06	1.32451511812618e-05	0.0642835173577039	0.0207526159376933	0.00204811413796922	0.00614434241390767	-0.0218959039773982	0.0318986776505918	0.492730622980518	0.591276747576622	0.191126003414251	0.0914844561301466	0.0371413889349175	0.074282777869835	0.0161533887664674	0.0769354267032076	0.833774580606284	0.833774580606284
Docosahexaenoic	Omega-3	6.77596354196173	5.99269448731121e-07	4.79415558984897e-06	0.000763415835288808	0.0027551063253835	0.781811751980566	0.79867530111042	0.0216005482492239	0.00444197499730507	1.50354614353271e-06	9.02127686119624e-06	0.0206911008773987	0.017573412271754	0.239529629726247	0.479059259452493	0.0193220951779068	0.0270119494795577	0.474709980681903	0.712064971022854	0.254830249748905	0.0774694654813217	0.00106663234495863	0.00319989703487588	0.0166249591376065	0.0651492792917295	0.79867530111042	0.79867530111042
Docosapentaenoicn3	Omega-3	3.10926724277489	0.00526797914140076	0.00769388132118287	0.0008101894916847	0.00325443656388006	0.803490840169679	0.803490840169679	0.0114454605434377	0.00524703011055603	0.0295726017398895	0.0887178052196687	0.0343763706722787	0.0207583841401743	0.0982742806782144	0.147411421017322	0.0581859905313482	0.0319075439078442	0.0687454884675828	0.137490976935166	0.245698388381394	0.091509884291512	0.00746811963578735	0.0448087178147241	-0.0277123375492913	0.0769568109528133	0.718905554401177	0.803490840169679
Eicosapentaenoic	Omega-3	2.99838528703343	0.00682926063800249	0.00862643449010841	-0.00206629688692221	0.00518672065435783	0.690499552382077	0.761392940589311	0.0203027853661583	0.00836239358619172	0.0155002658505199	0.0611827604498819	0.029623031869045	0.0330834347689882	0.370953948491579	0.556430922737368	-0.0154488935788513	0.0508522792711422	0.761392940589311	0.761392940589311	0.339172048203141	0.145842820290466	0.020394253483294	0.0611827604498819	0.178007918915634	0.122649027881675	0.147236551332167	0.294473102664334
Arachidonic	Omega-6	8.15081970777415	1.81892959583152e-08	2.18271551499782e-07	0.00204896996804697	0.00223300494385498	0.359229517933471	0.431075421520165	0.0168649445344501	0.00360020665557499	3.52345723293949e-06	2.11407433976369e-05	0.0556506313074124	0.0142431949437618	0.000104735954633712	0.000314207863901136	0.0248956970980814	0.0218930994333285	0.255960106749137	0.383940160123706	0.0240578119895916	0.0627887562174264	0.701749632320321	0.701749632320321	0.074736168397545	0.0528032843620911	0.157513034097188	0.315026068194376
Dihomoglinolenic	Omega-6	5.92715270102108	5.13560919657152e-06	2.46509241435433e-05	0.00113554177190413	0.0028277218477037	0.68814937981693	0.68814937981693	0.0249055646679632	0.00455905081815117	7.04129468730233e-08	4.2247768123814e-07	0.0166144800045071	0.0180365894999084	0.357364472492503	0.536046708738755	0.0376346885375092	0.0277238954405078	0.175171992196077	0.525515976588232	-0.0326347877865667	0.0795113052636792	0.681637813862613	0.68814937981693	0.0730494444624232	0.0668663995716138	0.275094419325511	0.536046708738755
Docosapentaenoicn6	Omega-6	4.16945470426185	0.000411205878452003	0.00109654900920534	-0.00116561732540361	0.00393354136285648	0.767089098381932	0.855652028753184	0.0215759557954583	0.00634193033629714	0.000716156020931433	0.0021484680627943	0.0349449235690625	0.0250900458616064	0.1642359567042	0.3284719134084	0.134365226066009	0.038565706009346	0.000532284607084307	0.0021484680627943	0.0765669304176799	0.110605294620252	0.489063392651259	0.733595088976889	-0.0169283574630173	0.0930154246655564	0.855652028753184	0.855652028753184
Docosatetraenoic	Omega-6	3.84708854051626	0.000902722596984318	0.00173223678154087	0.00297789209995486	0.00338889062820846	0.379926999087124	0.530543010366377	0.0154937059659531	0.00546380635128774	0.00473696027392877	0.0142108808217863	0.0388964029334973	0.0216159977583082	0.0724865420006288	0.144973084001258	0.117422409531782	0.0332257748448859	0.000442826902817193	0.00265696141690316	-0.0307318234303199	0.0952905313029707	0.747188680406089	0.747188680406089	-0.0616377992434087	0.0801362110754636	0.442119175305314	0.530543010366377
Eicosadienoic	Omega-6	3.32387791218653	0.0031729872280406	0.00507677956486496	0.00234442907149403	0.00233404696843246	0.315594172786629	0.393382646619263	0.0101679827975252	0.00376311367034791	0.00709993972200186	0.0268710627454836	0.0199031687978291	0.0148876902716964	0.181799264513443	0.363598529026886	0.0224116085295929	0.0228837479749303	0.327818872182719	0.393382646619263	0.172134719123135	0.0656299066888435	0.0089570209151612	0.0268710627454836	0.0410286596374166	0.0551925987122309	0.457566284750834	0.457566284750834
gammaLinolenic	Omega-6	4.184727859294	0.000396094774154587	0.00109654900920534	-0.00407079858181245	0.003920785782746	0.299594304955214	0.398403535535172	0.0244025494146403	0.00632136489843913	0.000126360958155901	0.000758165748935406	0.0242815378178812	0.0250086845486213	0.33200294627931	0.398403535535172	0.0821286749111702	0.0384406461950106	0.033068675427727	0.099206026283181	-0.0197117449861117	0.110246626802622	0.858161573234634	0.858161573234634	0.159420282305813	0.0927137967960657	0.0860751242929351	0.17215024858587
Linoleic	Omega-6	6.12871749118615	3.08695921946711e-06	1.85217553168027e-05	0.0010884894430902	0.00223772541089074	0.626853934852073	0.626853934852073	0.0120291383635332	0.00360781732248656	0.000911749593212088	0.00547049755927253	0.0362198649279343	0.0142733043854811	0.0114302918781952	0.0342908756345857	-0.0356007152628846	0.0219393804120026	0.105216433212579	0.157824649818868	0.146625611035843	0.0629214886839426	0.0201429963814227	0.0402859927628454	0.0479619369552999	0.0529149080124987	0.365113281954736	0.438135938345683
Elaidic	trans	2.3396850174741	0.0305996581460934	0.0349710378812496	0.00405092564183632	0.00362005176551541	0.263607002780098	0.395410504170147	0.0167778435415088	0.00583650049481528	0.00419775445269417	0.025186526716165	0.0191021653954593	0.0230904562681943	0.408431506086126	0.490117807303351	0.0231078451335843	0.0354921530623231	0.5152675020257	0.5152675020257	-0.118349552356459	0.101790436436299	0.245452554898512	0.395410504170147	-0.1450927780259	0.0856024180806355	0.0906357377644937	0.271907213293481
Palmitelaidic	trans	3.83115795152708	0.000938294923334637	0.00173223678154087	0.0083910829079494	0.00421815628916064	0.0471540424900618	0.141462127470185	0.0240076364030001	0.00680080641481904	0.000449360830966933	0.0026961649858016	0.0433751277282865	0.0269054587161145	0.107493804019687	0.214987608039374	-0.0207642512769714	0.0413561623847041	0.615805010346033	0.738966012415239	0.0251329574678582	0.118608240279969	0.832262584486128	0.832262584486128	0.088918561143215	0.0997456394502085	0.373066950947173	0.55960042642076
Linoelaidic	trans	3.32474501956189	0.00316645844757957	0.00507677956486496	0.00381278401286249	0.00287062801123033	0.184648387219359	0.276972580829038	0.0155916791179566	0.00462822713409209	0.000806532092541062	0.00483919255524637	0.0268822116320123	0.0183102659434292	0.142622013950247	0.276972580829038	0.0295241756592199	0.0281445612822813	0.294619537127372	0.331957126264166	-0.0783782648301252	0.08071776235161	0.331957126264166	0.331957126264166	0.0922874740698074	0.0678809904079743	0.174517211273221	0.276972580829038
