Fatty_Acid	Class	age_pval	age_pval.adj	bmi_pval	bmi_pval.adj	education_pval	education_pval.adj	smoke_pval	smoke_pval.adj	diabetes_pval	diabetes_pval.adj	aspirin_pval	aspirin_pval.adj
Arachidic	saturated	0.241217570933667	0.3618263564005	0.0143573335264856	0.0861440011589138	0.194006658087823	0.3618263564005	0.498824413859269	0.498824413859269	0.0397267612916345	0.119180283874903	0.336801370022114	0.404161644026537
Behenic	saturated	0.0343514557899655	0.068702911579931	0.0139851990571696	0.0419555971715087	0.0117273338247337	0.0419555971715087	0.754197311501048	0.754197311501048	0.265411523281551	0.318493827937862	0.233445952532147	0.318493827937862
Lignoceric	saturated	0.39068080618264	0.653313958655636	0.563542628332216	0.676251153998659	0.0511713686615301	0.184496084925344	0.746268883932673	0.746268883932673	0.435542639103757	0.653313958655636	0.0614986949751148	0.184496084925344
Myristic	saturated	0.268038600862057	0.402057901293086	0.00271469706551857	0.0162881823931114	0.0886937088858199	0.17738741777164	0.0499917282358642	0.149975184707593	0.561982063634567	0.561982063634567	0.405388257023507	0.486465908428209
Palmitic	saturated	0.694359918731216	0.83323190247746	4.57394187186958e-05	0.000274436512312175	0.0721341032887518	0.108201154933128	0.0535228559931601	0.10704571198632	0.0053166425711561	0.0159499277134683	0.960719105277733	0.960719105277733
Stearic	saturated	0.508972573617313	0.508972573617313	0.00359548440462162	0.0215729064277298	0.0106529155637038	0.0319587466911113	0.0333794456536135	0.066758891307227	0.243702616773775	0.365553925160663	0.382815182540635	0.459378219048762
Eicosenoic	cis-monounsaturated	0.539183149937052	0.760741244175053	0.633951036812544	0.760741244175053	0.893907244907792	0.893907244907792	0.290795200543953	0.760741244175053	0.0805022539973922	0.483013523984353	0.455602128435514	0.760741244175053
Nervonic	cis-monounsaturated	0.00144146888767312	0.00864881332603873	0.546559784354001	0.694462962079971	0.2474543978823	0.694462962079971	0.578719135066643	0.694462962079971	0.423761591665445	0.694462962079971	0.908724085907503	0.908724085907503
Oleic	cis-monounsaturated	0.206910840796181	0.248293008955418	0.0307559842772059	0.0922679528316177	0.178972396745612	0.248293008955418	0.00384420796039852	0.0230652477623911	0.0488571750962495	0.097714350192499	0.868354473480825	0.868354473480825
Palmitoleic	cis-monounsaturated	0.095294229742244	0.285882689226732	0.853837491255325	0.853837491255325	0.271904774709567	0.382251944401109	2.48812125940309e-05	0.000149287275564186	0.283286826653476	0.382251944401109	0.318543287000925	0.382251944401109
alphaLinolenic	Omega-3	0.340769511275488	0.511154266913233	2.20752519687696e-06	1.32451511812618e-05	0.00204811413796922	0.00614434241390767	0.492730622980518	0.591276747576622	0.0371413889349175	0.074282777869835	0.833774580606284	0.833774580606284
Docosahexaenoic	Omega-3	0.781811751980566	0.79867530111042	1.50354614353271e-06	9.02127686119624e-06	0.239529629726247	0.479059259452493	0.474709980681903	0.712064971022854	0.00106663234495863	0.00319989703487588	0.79867530111042	0.79867530111042
Docosapentaenoicn3	Omega-3	0.803490840169679	0.803490840169679	0.0295726017398895	0.0887178052196687	0.0982742806782144	0.147411421017322	0.0687454884675828	0.137490976935166	0.00746811963578735	0.0448087178147241	0.718905554401177	0.803490840169679
Eicosapentaenoic	Omega-3	0.690499552382077	0.761392940589311	0.0155002658505199	0.0611827604498819	0.370953948491579	0.556430922737368	0.761392940589311	0.761392940589311	0.020394253483294	0.0611827604498819	0.147236551332167	0.294473102664334
Arachidonic	Omega-6	0.359229517933471	0.431075421520165	3.52345723293949e-06	2.11407433976369e-05	0.000104735954633712	0.000314207863901136	0.255960106749137	0.383940160123706	0.701749632320321	0.701749632320321	0.157513034097188	0.315026068194376
Dihomoglinolenic	Omega-6	0.68814937981693	0.68814937981693	7.04129468730233e-08	4.2247768123814e-07	0.357364472492503	0.536046708738755	0.175171992196077	0.525515976588232	0.681637813862613	0.68814937981693	0.275094419325511	0.536046708738755
Docosapentaenoicn6	Omega-6	0.767089098381932	0.855652028753184	0.000716156020931433	0.0021484680627943	0.1642359567042	0.3284719134084	0.000532284607084307	0.0021484680627943	0.489063392651259	0.733595088976889	0.855652028753184	0.855652028753184
Docosatetraenoic	Omega-6	0.379926999087124	0.530543010366377	0.00473696027392877	0.0142108808217863	0.0724865420006288	0.144973084001258	0.000442826902817193	0.00265696141690316	0.747188680406089	0.747188680406089	0.442119175305314	0.530543010366377
Eicosadienoic	Omega-6	0.315594172786629	0.393382646619263	0.00709993972200186	0.0268710627454836	0.181799264513443	0.363598529026886	0.327818872182719	0.393382646619263	0.0089570209151612	0.0268710627454836	0.457566284750834	0.457566284750834
gammaLinolenic	Omega-6	0.299594304955214	0.398403535535172	0.000126360958155901	0.000758165748935406	0.33200294627931	0.398403535535172	0.033068675427727	0.099206026283181	0.858161573234634	0.858161573234634	0.0860751242929351	0.17215024858587
Linoleic	Omega-6	0.626853934852073	0.626853934852073	0.000911749593212088	0.00547049755927253	0.0114302918781952	0.0342908756345857	0.105216433212579	0.157824649818868	0.0201429963814227	0.0402859927628454	0.365113281954736	0.438135938345683
Elaidic	trans	0.263607002780098	0.395410504170147	0.00419775445269417	0.025186526716165	0.408431506086126	0.490117807303351	0.5152675020257	0.5152675020257	0.245452554898512	0.395410504170147	0.0906357377644937	0.271907213293481
Palmitelaidic	trans	0.0471540424900618	0.141462127470185	0.000449360830966933	0.0026961649858016	0.107493804019687	0.214987608039374	0.615805010346033	0.738966012415239	0.832262584486128	0.832262584486128	0.373066950947173	0.55960042642076
Linoelaidic	trans	0.184648387219359	0.276972580829038	0.000806532092541062	0.00483919255524637	0.142622013950247	0.276972580829038	0.294619537127372	0.331957126264166	0.331957126264166	0.331957126264166	0.174517211273221	0.276972580829038
