Fatty_Acid	Class	Fstat	Fstat.pval	Fstat.pval.adj	Age.est	Age.se	Age.pval	Age.pval.adj	BMI.est	BMI.se	BMI.pval	BMI.pval.adj	Education.est	Education.se	Education.pval	Education.pval.adj	Smoking.est	Smoking.se	Smoking.pval	Smoking.pval.adj	Diabetes.est	Diabetes.se	Diabetes.pval	Diabetes.pval.adj	Aspirin.est	Aspirin.se	Aspirin.pval	Aspirin.pval.adj	Gleason.est	Gleason.se	Gleason.pval	Gleason.pval.adj
Arachidic	saturated	3.68675728428464	0.000683927022305464	0.00182380539281457	-0.00332010347184102	0.00210036946051842	0.114616837749936	0.267439288083184	0.0180993569442991	0.00460314054088969	9.69997171050075e-05	0.000678998019735052	-0.0142253341341469	0.0186293820723968	0.445492401385974	0.448696075151965	-0.0302171537993526	0.0398523252478537	0.448696075151965	0.448696075151965	0.0645031554360591	0.0523880679438462	0.218845272247162	0.306383381146026	-0.0993006333718471	0.0549430338685875	0.0713515874330671	0.249730556015735	0.0218150434851969	0.0158465860645946	0.169281810656761	0.296243168649332
Behenic	saturated	2.69376481064551	0.00959298758240967	0.0146901302176407	-0.000704898104099719	0.00224868386468817	0.754062198792071	0.839592088982737	0.0156142562499421	0.00492818432935879	0.00163335769962128	0.0114335038973489	0.00785578652436971	0.0199448676353207	0.693852656091716	0.839592088982737	0.00864114241841208	0.0426664367577668	0.839592088982737	0.839592088982737	-0.0117344927745976	0.0560873719133385	0.834369028030726	0.839592088982737	-0.153323874113544	0.058822752882159	0.00943795788814785	0.0330328526085175	0.00791363819972061	0.0169655687076363	0.641108422345231	0.839592088982737
Lignoceric	saturated	1.05259728493074	0.393397217388693	0.393397217388693	-0.00251374921308728	0.00229501251948648	0.273944379583607	0.639203552361749	0.00695181982802592	0.00502971756582774	0.167585206208322	0.586548221729126	-0.0118416913579694	0.0203557830610882	0.561024631669881	0.790012795204229	-0.00172142515175104	0.0435454747813257	0.968483365495789	0.968483365495789	-0.0330225509709877	0.0572429156216924	0.564294853717306	0.790012795204229	-0.102547218145298	0.0600346524538854	0.0882746336472794	0.586548221729126	-0.00210719948862301	0.0173151029345038	0.903191068947289	0.968483365495789
Myristic	saturated	5.98210726576932	1.09388141622535e-06	8.75105132980281e-06	-0.00816558657941967	0.00405518057154465	0.0446214940217107	0.156175229075988	0.051195634008685	0.00888727742446706	1.52101169771253e-08	1.06470818839877e-07	-0.0328098316924021	0.0359677236124065	0.362132002619599	0.519685722635597	0.0588589214306806	0.076942832255848	0.4446752603832	0.519685722635597	-0.0542653337116692	0.101145574290635	0.591862957010203	0.591862957010203	-0.0810096069795572	0.106078443661346	0.445444905116226	0.519685722635597	0.0285716459036463	0.0305949829981784	0.350854050960559	0.519685722635597
Palmitic	saturated	5.17613065538014	1.07863803504582e-05	3.69818754872853e-05	-0.00169750875760889	0.00187853886093534	0.366655190672273	0.514644890198318	0.0230979514397366	0.00411697967950547	3.45949957444755e-08	2.42164970211328e-07	-0.0150263840750665	0.0166618391840318	0.367603492998799	0.514644890198318	-0.0168894507925265	0.035643320417661	0.635830584998947	0.741802349165438	1.87773055949746e-05	0.0468551001772542	0.999680416419081	0.999680416419081	-0.0695510124512116	0.0491402232797429	0.157628611330306	0.514644890198318	0.0146402305017742	0.0141729482812751	0.302151427888538	0.514644890198318
Stearic	saturated	7.71801226258769	7.66855401401756e-09	1.84045296336421e-07	-0.000518432562189684	0.00162250742540667	0.749470608676216	0.792202026668868	0.0215212005169784	0.0035558647410254	2.92948103977172e-09	2.0506367278402e-08	0.0148524276767574	0.0143909494550264	0.302573656390198	0.569798925679098	-0.0132390549330537	0.0307853903086196	0.667361993638226	0.792202026668868	-0.0398236021996338	0.0404690845298329	0.325599386102342	0.569798925679098	-0.100433084460052	0.042442761667345	0.0183723536640473	0.0643032378241657	-0.00322683476179486	0.0122412766136889	0.792202026668868	0.792202026668868
Eicosenoic	cis-monounsaturated	2.65663599498874	0.0105528750024162	0.0146901302176407	-0.00543694452145194	0.00211624497057767	0.0105036759757319	0.0735257318301231	0.00972318800326254	0.00463793308826515	0.0365787200400248	0.128025520140087	-0.017566259241374	0.0187701910815009	0.349828248236215	0.36184933826546	-0.036649740836004	0.0401535465340367	0.36184933826546	0.36184933826546	0.0575898146979046	0.0527840398503421	0.27581403965485	0.36184933826546	-0.0867082666712255	0.0553583173238379	0.117952022195375	0.226630365687398	0.0242487595928747	0.0159663614856346	0.129503066107084	0.226630365687398
Nervonic	cis-monounsaturated	2.11190362924618	0.0410159322464654	0.0468753511388176	0.00151019895229159	0.00305487945283072	0.621286522382324	0.724834276112711	0.00704235673538119	0.00669503138432853	0.2933983027038	0.51344702973165	-0.0560131585099537	0.0270954789534272	0.0392597121602629	0.198037860508569	-0.00266038042355875	0.0579631592611073	0.963411300247895	0.963411300247895	-0.145629585094224	0.0761957528632386	0.056582245859591	0.198037860508569	-0.110971769838222	0.0799118195138404	0.165591274640226	0.386379640827194	0.0193453648416185	0.023048045154063	0.401701761176023	0.562382465646432
Oleic	cis-monounsaturated	3.37834422121492	0.00157764313843289	0.00378634353223894	-0.00238663415158346	0.00204212507530498	0.243118969335243	0.340366557069341	0.016930719238343	0.0044754929551221	0.000175056370085625	0.00122539459059938	-0.0258723764962246	0.0181127791955653	0.15384246565378	0.269224314894116	-0.019939182096153	0.0387471986370268	0.607077771992795	0.70825740065826	0.0160459710441363	0.0509353183837017	0.752882003745954	0.752882003745954	-0.118295480060564	0.0534194337165233	0.0272778586101405	0.0954725051354916	0.02260816224673	0.0154071516315514	0.142944114913372	0.269224314894116
Palmitoleic	cis-monounsaturated	6.53159223947702	2.2805777000201e-07	2.73669324002412e-06	-0.00156211357081029	0.00358455479879828	0.66318994497638	0.681665106460936	0.0255654953647907	0.0078558605167095	0.00121895268055594	0.0028967981716309	-0.103296870368844	0.0317934735585874	0.00124148493069896	0.0028967981716309	0.0279158881951079	0.0680131978662482	0.681665106460936	0.681665106460936	-0.401477364021294	0.0894070799817925	8.9622210284271e-06	6.27355471989897e-05	-0.125064629352235	0.0937674630184212	0.182926576615157	0.265453633889254	0.0355265333477964	0.0270442687299368	0.189609738492324	0.265453633889254
alphaLinolenic	Omega-3	5.19336874863727	1.02732360324209e-05	3.69818754872853e-05	-0.00251727329642066	0.00359063109584164	0.483609574382767	0.677053404135874	0.023676706803815	0.00786917724492544	0.00276435986452818	0.0119266390498395	0.09373967406721	0.0318473677240349	0.00340761115709699	0.0119266390498395	-0.103846215260167	0.0681284892807476	0.128116707020733	0.298938983048378	0.116291676156113	0.0895586368713484	0.194755868389076	0.340822769680883	-0.0269768468432072	0.0939264113370501	0.774076678582849	0.776388061439582	-0.00769882429937758	0.02709011236167	0.776388061439582	0.776388061439582
Docosahexaenoic	Omega-3	2.0128685286585	0.0519696156556451	0.0566941261697946	-0.000806552197462404	0.00436930972746584	0.853626766129036	0.986023609939795	0.028164467184871	0.00957571852013001	0.00343109087660413	0.0240176361362289	-0.0626090493782485	0.038753915363781	0.106864639985935	0.324352791049534	-0.0772242654201883	0.0829031061633325	0.35207511661921	0.492905163266894	-0.161511399581605	0.108980681338649	0.139008339021229	0.324352791049534	-0.122066761897121	0.114295668857826	0.286075084163481	0.492905163266894	-0.000577779433895582	0.0329649825617194	0.986023609939795	0.986023609939795
Docosapentaenoicn3	Omega-3	2.16321983171305	0.0362309142090211	0.0434770970508254	-0.00295949239890366	0.0042478498838017	0.486334188615411	0.585219526921269	0.0294169015878385	0.00930952881352358	0.00168066161799509	0.0117646313259656	-0.0384276190638704	0.0376766183088551	0.308287275685444	0.58038582244716	-0.115785723833257	0.0805985319990034	0.151507325871921	0.530275640551722	-0.0578657923935829	0.105951192164514	0.585219526921269	0.585219526921269	-0.107985563443954	0.111118431505277	0.331649041398377	0.58038582244716	-0.0202552223550294	0.0320486086083765	0.527685261703597	0.585219526921269
Eicosapentaenoic	Omega-3	1.43173521940139	0.190329205307707	0.198604388147172	0.000330042543718385	0.00544550909478667	0.951697109935064	0.990172909967298	0.0316658338525734	0.0119343021078821	0.00824088378476394	0.0576861864933476	-0.0168844703760791	0.0482993451449506	0.726811400238982	0.990172909967298	-0.11380426157658	0.103322869459366	0.271270003550052	0.760785935942724	-0.133532323513638	0.135823580474315	0.326051115404025	0.760785935942724	-0.00175542918067972	0.142447696108054	0.990172909967298	0.990172909967298	-0.0213571318379858	0.0410845473418617	0.603425280316739	0.990172909967298
Arachidonic	Omega-6	3.27610720847317	0.00207578005904263	0.00415156011808526	-0.000869724602176824	0.00308992603614984	0.778473569673807	0.778473569673807	0.0250108526688087	0.00677183898962294	0.000247423360720826	0.00173196352504578	0.00869504329239565	0.0274063272128677	0.751184717052019	0.778473569673807	-0.0182061678776031	0.0586281317164368	0.756291346934846	0.778473569673807	-0.0639299202130044	0.0770698956379431	0.407241187734415	0.712672078535227	-0.0709973528672366	0.080828594229183	0.380194085317631	0.712672078535227	-0.034356306537967	0.0233124599197869	0.141226183933016	0.494291643765555
Dihomoglinolenic	Omega-6	5.05194176089486	1.53191397405106e-05	4.59574192215317e-05	-0.000966811728710771	0.00313292945346986	0.757765640083039	0.884059913430212	0.0365906897506722	0.00686608468181355	1.53670472586137e-07	1.07569330810296e-06	-0.0204668288016115	0.027787749199205	0.461770295855358	0.721996452316403	0.0386662308919331	0.0594440768184872	0.515711751654574	0.721996452316403	-0.128821188354915	0.0781425002395271	0.0999126077790921	0.295293766411534	-0.125434543152888	0.081953509754138	0.126554471319229	0.295293766411534	0.000124928427459425	0.0236369063404967	0.995785202833319	0.995785202833319
Docosapentaenoicn6	Omega-6	2.67793837367522	0.00999135909627069	0.0146901302176407	-0.00548039668760257	0.00513973832595142	0.286847154458759	0.401586016242263	0.0385058999508837	0.01126417913728	0.000684852982599032	0.00479397087819323	-0.0593245907754474	0.0455872887252213	0.193782153328205	0.401586016242263	-0.00056423944927769	0.0975211872506081	0.995386079516441	0.995386079516441	-0.147090690295368	0.128196950915042	0.251810577132076	0.401586016242263	-0.202425027257811	0.13444911584685	0.132847480281521	0.401586016242263	-0.0258277184414694	0.0387776090172162	0.505709087069004	0.589993934913838
Docosatetraenoic	Omega-6	2.90857296476558	0.00549353285322651	0.00941748489124545	-0.00255261141530723	0.00398007414612945	0.521610759856705	0.694054958407122	0.0293219364275237	0.00872267522556408	0.000838495076311586	0.0058694655341811	-0.0217970810311426	0.0353015616245025	0.53723579373453	0.694054958407122	0.0131008610781572	0.0755177659757892	0.862348749082556	0.862348749082556	-0.052823478452494	0.0992722464825358	0.594904250063247	0.694054958407122	-0.229797371994914	0.10411375366137	0.0277863575664843	0.097252251482695	-0.032100186474347	0.030028330103667	0.285622201776291	0.666451804144679
Eicosadienoic	Omega-6	2.4454282726963	0.0180407264045837	0.0227882859847372	-0.00113656181540168	0.00246565027694126	0.645042702439917	0.86871693159596	0.0167364978193491	0.00540368490534177	0.00207071944919079	0.0144950361443355	0.0162489282282297	0.0218692672548726	0.457852740903154	0.86871693159596	0.0182713461774221	0.0467831486941686	0.696304639050795	0.86871693159596	-0.0101706584271674	0.0614990156076064	0.86871693159596	0.86871693159596	-0.125789332261748	0.0644983224240172	0.0517402108238896	0.181090737883614	0.00405256868338107	0.0186025078221701	0.827640420182385	0.86871693159596
gammaLinolenic	Omega-6	5.22641514519697	9.356489348189e-06	3.69818754872853e-05	-0.00437738689333748	0.00461813598058582	0.343685435660835	0.534062659436849	0.0467934259508017	0.0101210426809048	4.89070734263397e-06	3.42349513984378e-05	0.0412574986911805	0.0409608981952067	0.314339425901774	0.534062659436849	0.00756202719925361	0.0876243254325818	0.931264413130676	0.931264413130676	-0.19216772310633	0.11518698308684	0.0959228411481965	0.335729944018688	-0.0897751297038079	0.120804651924639	0.457767993803013	0.534062659436849	-0.0298319734790239	0.0348422935345342	0.392325297314551	0.534062659436849
Linoleic	Omega-6	3.30818930309477	0.00190481453789393	0.00415156011808526	0.000241103460116859	0.00196893856430812	0.902592418534143	0.991798742087802	0.0108130806061108	0.00431509841399561	0.0125534014053011	0.0439369049185538	0.0443816604998289	0.0174636460304079	0.0113634061694245	0.0439369049185538	-0.0546991571198817	0.0373585607355393	0.143819797892545	0.251684646311954	-0.0103009516590993	0.0491098776777935	0.833951616919268	0.991798742087802	-0.0866993038816404	0.0515049662725756	0.092980179660484	0.216953752541129	0.000152774988304381	0.0148549838500826	0.991798742087802	0.991798742087802
Elaidic	trans	3.02358911638456	0.00406100531835485	0.00749724058773203	0.000940268070760171	0.00341798022703018	0.783364929078403	0.783364929078403	0.015041583404363	0.00749079799851908	0.0452166018744061	0.141910271817065	0.0672615714906677	0.0303160280903753	0.0269875174721147	0.141910271817065	0.0808744992306337	0.0648526186743921	0.213002653066259	0.366604564153961	0.0474860262002643	0.0852523252362389	0.577789846802805	0.674088154603273	-0.168032281936265	0.0894100808957343	0.0608186879215994	0.141910271817065	-0.0289686764716443	0.0257875192211886	0.261860402967115	0.366604564153961
Palmitelaidic	trans	2.63981765180889	0.0110175976632305	0.0146901302176407	0.00131222934963538	0.00307238822074856	0.66949999042495	0.890725485611452	0.019708652845969	0.00673340335694507	0.00358916720987276	0.0251241704691093	0.00374592041652015	0.0272507742637474	0.890725485611452	0.890725485611452	-0.104762129207928	0.0582953699158836	0.0729656549589947	0.255379792356482	-0.0105610335428062	0.0766324619949104	0.890446615954312	0.890725485611452	-0.0840984823932965	0.0803698269486227	0.295919420716655	0.517858986254146	-0.0365899837299986	0.0231801429601445	0.115125158150231	0.268625369017205
Linoelaidic	trans	5.37434426013159	6.15451886076812e-06	3.69271131646087e-05	0.000363658317718587	0.00250198277307828	0.884498656280986	0.884498656280986	0.0163839813811402	0.00548331069930981	0.00295595161246999	0.010345830643645	0.0703199238585009	0.0221915210130344	0.00163107364181657	0.010345830643645	-0.00706755752099225	0.0474725200073285	0.881714965700336	0.884498656280986	0.102669247680659	0.0624052320195159	0.100599476677842	0.234732112248297	-0.0895814097132466	0.0654487350077602	0.171741437983219	0.300547516470632	-0.0171908987357239	0.0188766243706152	0.362923477876976	0.508092869027767
