Fatty_Acid	Class	age_l	age_m	age_u	bmi_l	bmi_m	bmi_u	education_l	education_m	education_u	smoke_l	smoke_m	smoke_u	diabetes_l	diabetes_m	diabetes_u	aspirin_l	aspirin_m	aspirin_u
Arachidic	saturated	-0.0186871622978647	-0.0124935712783646	-0.0062999802588646	-0.0238181250619579	-0.0131115635749361	-0.00240500208791433	-0.165194499390821	-0.0597061041809852	0.0457822910288504	-0.0979085720043874	-0.0192244284521146	0.0594597151001582	-0.14077893256809	-0.00191479597990827	0.136949340608274	-0.124657633918269	-0.0197429403384181	0.085171753241433
Behenic	saturated	-0.0163364673493272	-0.0108036090287506	-0.00527075070817408	-0.0133460172253264	-0.00378163242469511	0.00578275237593623	-0.115023357961291	-0.0207884717178464	0.0734464145255982	-0.0720662318136234	-0.0017761178910263	0.0685139960315708	-0.227724968963855	-0.103674867636108	0.0203752336916384	-0.142483523705236	-0.0487611365640076	0.0449612505772208
Lignoceric	saturated	-0.0192287245644662	-0.0139054392967027	-0.00858215402893922	-0.0186480179779248	-0.00944591198596863	-0.00024380599401248	-0.105220630718357	-0.0145551640492552	0.076110302619847	-0.0736718612981361	-0.00604418926430952	0.061583482769517	-0.21887988580244	-0.0995285417771059	0.0198228022482279	-0.091205063578813	-0.00103268362230985	0.0891396963341933
Myristic	saturated	-0.0289927771203408	-0.0189698736278024	-0.00894697013526406	-0.00319336239457285	0.0141327465111472	0.0314588554168673	-0.175946613760022	-0.00523789220541767	0.165470829349187	-0.0912181046795716	0.0361140964190291	0.16344629751763	-0.342231798496667	-0.117512110804022	0.107207576888622	-0.24028526505906	-0.0705049477295235	0.0992753696000129
Palmitic	saturated	-0.0142653467124466	-0.00925854000912034	-0.00425173330579404	-0.00324106992742717	0.00541395486417152	0.0140689796557702	-0.134327478752731	-0.0490522317115773	0.0362230153295766	-0.0363818140272932	0.0272252753240487	0.0908323646753907	-0.144915273997107	-0.0326595748829195	0.0795961242312676	-0.159544752567105	-0.0747332773761861	0.0100781978147324
Stearic	saturated	-0.0143371611132107	-0.0101953977124496	-0.00605363431168856	-0.00681920715615941	0.000340459081945575	0.00750012532005056	-0.115118329457695	-0.0445763816426804	0.0259655661723341	-0.0379994590717062	0.0146180135639569	0.06723548619962	-0.138140213745156	-0.0452793198326541	0.0475815740798475	-0.0946696929107892	-0.0245113894801949	0.0456469139503995
Eicosenoic	cis-monounsaturated	-0.016056694445031	-0.0102791983893546	-0.00450170233367812	-0.010224637330343	-0.000237359099285523	0.00974991913177193	-0.174823213953599	-0.0764216912625413	0.0219798314285161	-0.0646394903878863	0.00875853146829865	0.0821565533244836	-0.0829585926978752	0.0465764377694575	0.17611146823679	-0.160215228323587	-0.0623488651052707	0.0355174981130455
Nervonic	cis-monounsaturated	-0.00289971238617976	0.00316667788877153	0.00923306816372283	-0.0151721202359841	-0.00468544452902402	0.00580123117793604	-0.124228152762231	-0.0209062232376005	0.0824157062870297	-0.0547935376464094	0.0222746319720795	0.0993428015905685	-0.271642579412723	-0.135630362092301	0.000381855228121647	-0.202101840491907	-0.0993418302121711	0.00341818006756478
Oleic	cis-monounsaturated	-0.0161628701628717	-0.0105547890145302	-0.00494670786618873	-0.00407451187136212	0.00561990699644562	0.0153143258642534	-0.168548817025018	-0.0730327458665403	0.0224833252919374	-0.0417235622171908	0.0295221917790935	0.100767945775378	-0.12577940930393	-4.27657107333651e-05	0.125693877882463	-0.174755188105978	-0.0797585838102235	0.0152380204855312
Palmitoleic	cis-monounsaturated	-0.0195208733175149	-0.00997950870627143	-0.00043814409502799	0.00121974537154075	0.0177134412837739	0.034207137196007	-0.239788526141259	-0.0772813089577079	0.0852259082258435	0.00762872913359139	0.128843400943849	0.250058072754106	-0.303199636819243	-0.0892763483034464	0.12464694021235	-0.290471974453589	-0.128848557380912	0.0327748596917643
alphaLinolenic	Omega-3	-0.0181223379854538	-0.00904036935340022	4.15992786533658e-05	-0.0185216056839317	-0.00282204540038329	0.0128775148831651	-0.219938904596953	-0.0652560569040597	0.089426790788834	-0.179585115164062	-0.0642066664851196	0.0511717821938227	-0.251900134584777	-0.048276787702426	0.155346559179925	-0.257376473832267	-0.103534873194801	0.0503067274426656
Docosahexaenoic	Omega-3	0.000895230072564785	0.00769897137475847	0.0145027126769521	-0.0238237416205991	-0.0120624428257028	-0.000301144030806536	-0.0222507894638026	0.0936296019168385	0.20950999329748	-0.1283175047946	-0.0418819368617416	0.0445536310711164	-0.231201759622895	-0.0786576767921332	0.0738864060386288	-0.00657505691536084	0.108675115669307	0.223925288253974
Docosapentaenoicn3	Omega-3	-0.00707702037539571	-0.00160430253118957	0.00386841531301658	-0.0189772686398366	-0.00951684577438818	-5.64229089397156e-05	-0.0874151251858974	0.00579545668880623	0.0990060385635098	-0.0928501894247362	-0.0233241075251016	0.046201974374533	-0.1467059073567	-0.0240041926594048	0.0986975220378903	-0.0876601825720966	0.00504347090875903	0.0977471243896147
Eicosapentaenoic	Omega-3	-0.00501089640143632	0.00563534007622481	0.0162815765538859	-0.0455770346543412	-0.0271734001401181	-0.00876976562589498	-0.057707220985604	0.123618022724715	0.304943266435033	-0.171575810987057	-0.0363247108316984	0.0989263893236605	-0.37548032076299	-0.136785122496031	0.101910075770928	6.85791776672273e-07	0.1803397870201	0.360678888248423
Arachidonic	Omega-6	-0.00790471538695307	-0.00345884279484795	0.000987029797257179	-0.00497347406644491	0.0027118910345076	0.0103972561354601	-0.0985612921681381	-0.0228397981960644	0.0528816957760092	-0.0344873163728706	0.0219935969052155	0.0784745101833017	-0.140048722669218	-0.0403695128311791	0.0593096970068603	-0.0994355675643219	-0.0241258870853839	0.0511837933935541
Dihomoglinolenic	Omega-6	-0.0193574392896494	-0.0141605071141639	-0.00896357493867837	0.00265837901114478	0.0116420645185564	0.0206257500259681	-0.0494097454705062	0.0391036926109413	0.127617130692389	-0.0562330567036888	0.0097894100752584	0.0758118768542056	-0.1361272367748	-0.0196088071297004	0.0969096225153994	-0.126959491893592	-0.0389274366562179	0.0491046185811562
Docosapentaenoicn6	Omega-6	-0.0190921416151342	-0.0110862399892462	-0.00308033836335812	0.00192307524839335	0.0157624904998604	0.0296019057513275	-0.283570998754507	-0.147215577147912	-0.0108601555413178	-0.0182617631801655	0.0834461976479618	0.185154158476089	-0.216964333225236	-0.0374670733337346	0.142030186557767	-0.233655605676445	-0.0980417568985712	0.037572091879303
Docosatetraenoic	Omega-6	-0.0185219407721613	-0.0118601963213298	-0.00519845187049839	0.00388936388697928	0.0154051995869947	0.02692103528701	-0.205569446301732	-0.092107525874031	0.0213543945536701	0.00383881165409082	0.088470434088872	0.173102056523653	-0.130192754467319	0.0191676712410118	0.168528096949343	-0.218515630510563	-0.105670775955948	0.00717407859866794
Eicosadienoic	Omega-6	-0.0137710509679548	-0.00873256096601189	-0.00369407096406903	-0.00750288563913171	0.00120690853967416	0.00991670271848003	-0.139555296882646	-0.053740424232456	0.0320744484177336	-0.0606256138716219	0.00338398400969986	0.0673935818910216	-0.123311367062365	-0.0103453088216547	0.102620749419056	-0.172850266148438	-0.0875021001176672	-0.00215393408689667
gammaLinolenic	Omega-6	-0.0240964367683024	-0.0164302475173359	-0.00876405826636948	-0.00863661324593692	0.00461555763977378	0.0178677285254845	-0.139420386492788	-0.00885089959686073	0.121718587299066	-0.0298833249956574	0.0675088879584724	0.164901100912602	-0.276162194103524	-0.104281495506317	0.0675992030908905	-0.142143028776192	-0.0122836477389181	0.117575733298356
Linoleic	Omega-6	-0.0127840436404964	-0.00858385683863017	-0.00438367003676391	-0.0122747233664332	-0.00501406341817778	0.00224659653007765	-0.121876042457146	-0.0503390352644804	0.0211979719281852	-0.0918923134677592	-0.0385326227448991	0.014827067977961	-0.207759558978474	-0.113588776323646	-0.0194179936688176	-0.169294408564895	-0.0981464574153041	-0.0269985062657133
Elaidic	trans	-0.0030099874731033	0.00713888973559378	0.0172877669442909	-0.00364842753313213	0.0138954460479686	0.0314393196290693	-0.383867126879756	-0.211012838219677	-0.0381585495595984	-0.0270133435069771	0.101919243205533	0.230851829918042	-0.228939963905003	-0.00139586767906899	0.226148228546865	-0.280116944930043	-0.108202729222604	0.0637114864848353
Palmitelaidic	trans	-0.00145302441047195	0.00611519728922379	0.0136834189889195	-0.00268477393999315	0.0103980451741669	0.0234808642883269	-0.238514718168347	-0.10961380120764	0.0192871157530676	-0.0246301354420183	0.0715174856681589	0.167665106778336	-0.14836774146442	0.0213164641163718	0.191000669697164	-0.221965551007524	-0.0937656653405407	0.0344342203264424
Linoelaidic	trans	-0.00834002030938256	-0.000961971882450764	0.00641607654448103	-0.00343915603504105	0.00931491973271059	0.0220689955004622	-0.1622602490541	-0.0365983372670483	0.0890635745200029	0.00463479653030667	0.0983664329481054	0.192098069365904	-0.199731276576343	-0.03431087324555	0.131109530085243	-0.240791737693331	-0.115813241778479	0.0091652541363732
