Fatty_Acid	Class	age_pval	age_pval.adj	bmi_pval	bmi_pval.adj	education_pval	education_pval.adj	smoke_pval	smoke_pval.adj	diabetes_pval	diabetes_pval.adj	aspirin_pval	aspirin_pval.adj
Arachidic	saturated	8.55965351462476e-05	0.000513579210877486	0.0164990469854242	0.0494971409562726	0.266593759681458	0.533187519362917	0.631350061120034	0.854028051173509	0.978393043551314	0.978393043551314	0.711690042644591	0.854028051173509
Behenic	saturated	0.000142095630555519	0.000852573783333113	0.437548831942549	0.656323247913824	0.66483211194524	0.797798534334288	0.960416595906181	0.960416595906181	0.101194309168253	0.30358292750476	0.307112152971075	0.61422430594215
Lignoceric	saturated	4.23506114152282e-07	2.54103668491369e-06	0.044255484337345	0.132766453012035	0.752532963695963	0.982053842779356	0.86065391654388	0.982053842779356	0.101944813904295	0.203889627808591	0.982053842779356	0.982053842779356
Myristic	saturated	0.000224773277412955	0.00134863966447773	0.109628913749674	0.328886741249021	0.951943559879976	0.951943559879976	0.577542370039876	0.693050844047852	0.304652633952011	0.609305267904022	0.414869459532411	0.622304189298616
Palmitic	saturated	0.000311055708671656	0.00186633425202993	0.219596528327703	0.388331926024637	0.258887950683091	0.388331926024637	0.400700512585157	0.480840615102189	0.567766312835511	0.567766312835511	0.0840094409408978	0.252028322822693
Stearic	saturated	1.80641364096878e-06	1.08384818458127e-05	0.925586206923398	0.925586206923398	0.214933787118	0.644801361354	0.58535242899064	0.702422914788768	0.338446400966986	0.676892801933971	0.492687496803492	0.702422914788768
Eicosenoic	cis-monounsaturated	0.000518069849364169	0.00310841909618502	0.962768120008299	0.962768120008299	0.127644825849058	0.382934477547173	0.814695200705262	0.962768120008299	0.480159223227274	0.720238834840911	0.211212570107521	0.422425140215042
Nervonic	cis-monounsaturated	0.305506832740523	0.570561611855426	0.380374407903617	0.570561611855426	0.69107821419278	0.69107821419278	0.57031560009907	0.684378720118884	0.0506439267642625	0.174264556812941	0.0580881856043136	0.174264556812941
Oleic	cis-monounsaturated	0.000243420611610482	0.00146052366966289	0.255199862092855	0.382799793139282	0.133630534708815	0.26726106941763	0.415881066357788	0.499057279629346	0.999466974170696	0.999466974170696	0.0996387433642336	0.26726106941763
Palmitoleic	cis-monounsaturated	0.0404076476102934	0.0808152952205868	0.0353590851343484	0.0808152952205868	0.350504381947068	0.412563632281831	0.0372748242295574	0.0808152952205868	0.412563632281831	0.412563632281831	0.11788231983091	0.176823479746366
alphaLinolenic	Omega-3	0.0510541413960306	0.306324848376184	0.724060309147082	0.724060309147082	0.407500556090707	0.61125083413606	0.274700898291347	0.549401796582695	0.641486513092553	0.724060309147082	0.186639229879808	0.549401796582695
Docosahexaenoic	Omega-3	0.0266549582113944	0.129036078887981	0.044438951048388	0.129036078887981	0.113013704375814	0.16952055656372	0.341482018467617	0.341482018467617	0.311434772575966	0.341482018467617	0.0645180394439904	0.129036078887981
Docosapentaenoicn3	Omega-3	0.56483454001121	0.914902166081566	0.048654912995025	0.29192947797015	0.902802546188626	0.914902166081566	0.510050018442407	0.914902166081566	0.70081846019672	0.914902166081566	0.914902166081566	0.914902166081566
Eicosapentaenoic	Omega-3	0.298779518137019	0.358535421764423	0.00389288225920242	0.0233572935552145	0.180986371417339	0.358535421764423	0.597891735848416	0.597891735848416	0.260685482988826	0.358535421764423	0.0499991324885893	0.149997397465768
Arachidonic	Omega-6	0.126981667368098	0.553630355744412	0.488376447053095	0.553630355744412	0.553630355744412	0.553630355744412	0.444516301781864	0.553630355744412	0.426502964773215	0.553630355744412	0.529291340700642	0.553630355744412
Dihomoglinolenic	Omega-6	1.3669541662748e-07	8.2017249976488e-07	0.0112035676238814	0.0336107028716442	0.385742320487463	0.578613480731195	0.770884331074522	0.770884331074522	0.741003128872482	0.770884331074522	0.385298058004265	0.578613480731195
Docosapentaenoicn6	Omega-6	0.00675257743493685	0.0405154646096211	0.0256874027650372	0.0688048884867496	0.0344024442433748	0.0688048884867496	0.107579320193144	0.161368980289716	0.68184611972674	0.68184611972674	0.156076151839437	0.187291382207324
Docosatetraenoic	Omega-6	0.000513758753832394	0.00308255252299436	0.00885662781292625	0.0265698834387788	0.111331058984686	0.133597270781623	0.0405147218642289	0.0810294437284578	0.800999638476989	0.800999638476989	0.0663812744543622	0.0995719116815433
Eicosadienoic	Omega-6	0.000717989897235378	0.00430793938341227	0.785499614522005	0.917298159326587	0.219075005960075	0.43815001192015	0.917298159326587	0.917298159326587	0.857253538883588	0.917298159326587	0.044514928839026	0.133544786517078
gammaLinolenic	Omega-6	3.05868739861276e-05	0.000183521243916766	0.494032121951599	0.741048182927398	0.894080894545129	0.894080894545129	0.173803846105349	0.467520258540034	0.233760129270017	0.467520258540034	0.852610195871434	0.894080894545129
Linoleic	Omega-6	6.92368420255883e-05	0.00041542105215353	0.175411344912195	0.175411344912195	0.167381297260771	0.175411344912195	0.156544032396344	0.175411344912195	0.0181851195523651	0.0363702391047302	0.00696434803016161	0.0208930440904848
Elaidic	trans	0.167538872861274	0.251308309291911	0.120279585380936	0.242014797787654	0.0168415101482549	0.101049060889529	0.121007398893827	0.242014797787654	0.990386476503136	0.990386476503136	0.216760524667359	0.260112629600831
Palmitelaidic	trans	0.113002618916208	0.18156445846137	0.119002544366049	0.18156445846137	0.0953789576535654	0.18156445846137	0.14449162883358	0.18156445846137	0.805112124746135	0.805112124746135	0.151303715384475	0.18156445846137
Linoelaidic	trans	0.797887331085751	0.797887331085751	0.15189234094244	0.30378468188488	0.567360136643917	0.797887331085751	0.0397404585590517	0.207754043007978	0.683744481382089	0.797887331085751	0.0692513476693261	0.207754043007978
